n1*n2:4096*4096
TILE_WIDTH:32
dimGrid:128,128,1
dimBlock:32,32,1
start of CUDA:8141
end of CUDA and start of CPU:78381
end of CPU:1415862
rate 19
80745 80745
83321 83321
82781 82781
83087 83087
82103 82103
84893 84893
82762 82762
83588 83588
82976 82976
81974 81974
84791 84791
82936 82936
82148 82148
84610 84610
84097 84097
83022 83022
83974 83974
81621 81621
82136 82136
81922 81922
85416 85416
84369 84369
81909 81909
84623 84623
83537 83537
82885 82885
82410 82410
82353 82353
80064 80064
83732 83732
82004 82004
81978 81978
82396 82396
86235 86235
84551 84551
82903 82903
81252 81252
83216 83216
84452 84452
83456 83456
82645 82645
82247 82247
82825 82825
84354 84354
82215 82215
83430 83430
84331 84331
83117 83117
83560 83560
83603 83603
83087 83087
82132 82132
82988 82988
82705 82705
83995 83995
83196 83196
83233 83233
82693 82693
81964 81964
81287 81287
82829 82829
81587 81587
84334 84334
83296 83296
82268 82268
83939 83939
82019 82019
82473 82473
82644 82644
83580 83580
82641 82641
83645 83645
82927 82927
81895 81895
81460 81460
82335 82335
83703 83703
83048 83048
84357 84357
82284 82284
79727 79727
84642 84642
83576 83576
81723 81723
82059 82059
83017 83017
81891 81891
81645 81645
83196 83196
83617 83617
83054 83054
83427 83427
82808 82808
82843 82843
83065 83065
81852 81852
82009 82009
77791 77791
82029 82029
82893 82893
83853 83853
84015 84015
81719 81719
83063 83063
82237 82237
81077 81077
82842 82842
81000 81000
83314 83314
81132 81132
82530 82530
82808 82808
82038 82038
82750 82750
82405 82405
80911 80911
82618 82618
83080 83080
82137 82137
82837 82837
83691 83691
85061 85061
85254 85254
83551 83551
83582 83582
81704 81704
84491 84491
83829 83829
83436 83436
82804 82804
82595 82595
81522 81522
84157 84157
82427 82427
83752 83752
82670 82670
82490 82490
82356 82356
82006 82006
84028 84028
83550 83550
83642 83642
82536 82536
83005 83005
83163 83163
82117 82117
85209 85209
82333 82333
82601 82601
81755 81755
84499 84499
83357 83357
84033 84033
81870 81870
82915 82915
82660 82660
84591 84591
82533 82533
84342 84342
80662 80662
82865 82865
82026 82026
84083 84083
83642 83642
83269 83269
81522 81522
84777 84777
83681 83681
82544 82544
85509 85509
83790 83790
83889 83889
84342 84342
85201 85201
85220 85220
82992 82992
81783 81783
84216 84216
82589 82589
81129 81129
84790 84790
81025 81025
84151 84151
84565 84565
83851 83851
82592 82592
82249 82249
83559 83559
83989 83989
82323 82323
83271 83271
82618 82618
82699 82699
81619 81619
83414 83414
81564 81564
83651 83651
83075 83075
82876 82876
83334 83334
82912 82912
82720 82720
83505 83505
82099 82099
83532 83532
81927 81927
82940 82940
84915 84915
84050 84050
84985 84985
84207 84207
82534 82534
80636 80636
83796 83796
83308 83308
82442 82442
84327 84327
82069 82069
79252 79252
84944 84944
83342 83342
81947 81947
83819 83819
83950 83950
83203 83203
82382 82382
83458 83458
82695 82695
83889 83889
83264 83264
81548 81548
84094 84094
82307 82307
83503 83503
80698 80698
85668 85668
83474 83474
83705 83705
84851 84851
83170 83170
83171 83171
81337 81337
82779 82779
82295 82295
82123 82123
83606 83606
83260 83260
82731 82731
84255 84255
84490 84490
82624 82624
83615 83615
83939 83939
81432 81432
83340 83340
83581 83581
83301 83301
82307 82307
82694 82694
86467 86467
81603 81603
84630 84630
83616 83616
84017 84017
81749 81749
83569 83569
83458 83458
83354 83354
82789 82789
82439 82439
82561 82561
82361 82361
84048 84048
80891 80891
82578 82578
84902 84902
83196 83196
84289 84289
82733 82733
84096 84096
81442 81442
83044 83044
85300 85300
83209 83209
83038 83038
83218 83218
83858 83858
80975 80975
81554 81554
83932 83932
83595 83595
83969 83969
82080 82080
80693 80693
82423 82423
81721 81721
81733 81733
81973 81973
83126 83126
83730 83730
82494 82494
82446 82446
83465 83465
83264 83264
83779 83779
84650 84650
83241 83241
80859 80859
83745 83745
83471 83471
81990 81990
81960 81960
81500 81500
82016 82016
84380 84380
81701 81701
82581 82581
83598 83598
83012 83012
84000 84000
82326 82326
83022 83022
83801 83801
83289 83289
82864 82864
83507 83507
82514 82514
83019 83019
83928 83928
82578 82578
83008 83008
83939 83939
82611 82611
83517 83517
85928 85928
82288 82288
83467 83467
81644 81644
83729 83729
82924 82924
84004 84004
83456 83456
82192 82192
83254 83254
84171 84171
83875 83875
84038 84038
82624 82624
66062 66062
82636 82636
82525 82525
83489 83489
85069 85069
83680 83680
82091 82091
84478 84478
83548 83548
83549 83549
82564 82564
81746 81746
82549 82549
82909 82909
83949 83949
82360 82360
83932 83932
82091 82091
82737 82737
84074 84074
83511 83511
83752 83752
83127 83127
80266 80266
82299 82299
81865 81865
83756 83756
84670 84670
82293 82293
81148 81148
83545 83545
82621 82621
82879 82879
81385 81385
81416 81416
81965 81965
81171 81171
84460 84460
84699 84699
84155 84155
84887 84887
83549 83549
83305 83305
81448 81448
82477 82477
84358 84358
81948 81948
83238 83238
84601 84601
81790 81790
82294 82294
83468 83468
82373 82373
83459 83459
80132 80132
83235 83235
83618 83618
84826 84826
83302 83302
84269 84269
80527 80527
84339 84339
82235 82235
81956 81956
83666 83666
83085 83085
83280 83280
83296 83296
82765 82765
81593 81593
83483 83483
82882 82882
85056 85056
83777 83777
81928 81928
82431 82431
83846 83846
82192 82192
82684 82684
81178 81178
83424 83424
84031 84031
82587 82587
83358 83358
81543 81543
82191 82191
82377 82377
70119 70119
81812 81812
81955 81955
82332 82332
83041 83041
82971 82971
83015 83015
81490 81490
82697 82697
80677 80677
83909 83909
85278 85278
83383 83383
82339 82339
80908 80908
82805 82805
83124 83124
83816 83816
83484 83484
85937 85937
83941 83941
84147 84147
81874 81874
84219 84219
81509 81509
79946 79946
84438 84438
82764 82764
83542 83542
82016 82016
83433 83433
81688 81688
82883 82883
83770 83770
84291 84291
82421 82421
84287 84287
83243 83243
81755 81755
85802 85802
83555 83555
84208 84208
81392 81392
83067 83067
82085 82085
81863 81863
83464 83464
82447 82447
82847 82847
84012 84012
82523 82523
83121 83121
82400 82400
82859 82859
84157 84157
82154 82154
82621 82621
84440 84440
84222 84222
85102 85102
84644 84644
84020 84020
83545 83545
81699 81699
85201 85201
81953 81953
84852 84852
82437 82437
83000 83000
83875 83875
82127 82127
82392 82392
82769 82769
84411 84411
82124 82124
83584 83584
82929 82929
82981 82981
81503 81503
83225 83225
83642 83642
82907 82907
84472 84472
83329 83329
83210 83210
82030 82030
82289 82289
81856 81856
83234 83234
83109 83109
83189 83189
84181 84181
84003 84003
82897 82897
82261 82261
83393 83393
84178 84178
83343 83343
83304 83304
83390 83390
82640 82640
83938 83938
83516 83516
83940 83940
82301 82301
84153 84153
82806 82806
82190 82190
83109 83109
83879 83879
84486 84486
82423 82423
83602 83602
81952 81952
84128 84128
83135 83135
83603 83603
82791 82791
84020 84020
82591 82591
82762 82762
82207 82207
84554 84554
84873 84873
82806 82806
81724 81724
82332 82332
81233 81233
82861 82861
83425 83425
82498 82498
81470 81470
82118 82118
82060 82060
81198 81198
83299 83299
83750 83750
82580 82580
82828 82828
84656 84656
81922 81922
81979 81979
83302 83302
84359 84359
82198 82198
81884 81884
81804 81804
83715 83715
83302 83302
82595 82595
82593 82593
81598 81598
82277 82277
83447 83447
84456 84456
83327 83327
82726 82726
82105 82105
81295 81295
82834 82834
82107 82107
83995 83995
81567 81567
85728 85728
83140 83140
83015 83015
81508 81508
82612 82612
81232 81232
82886 82886
84281 84281
82383 82383
82304 82304
81537 81537
82374 82374
82171 82171
82506 82506
81984 81984
82331 82331
83549 83549
83706 83706
83065 83065
83423 83423
82529 82529
82304 82304
82203 82203
83462 83462
81957 81957
83291 83291
85399 85399
81678 81678
83361 83361
82407 82407
83944 83944
83210 83210
82867 82867
82213 82213
82751 82751
84259 84259
83961 83961
81941 81941
82031 82031
83353 83353
84697 84697
84856 84856
83365 83365
82642 82642
83921 83921
80383 80383
82859 82859
85403 85403
82870 82870
84942 84942
82852 82852
83524 83524
83071 83071
82905 82905
85284 85284
81886 81886
81268 81268
83075 83075
81950 81950
83206 83206
82597 82597
84535 84535
82766 82766
82589 82589
82595 82595
82290 82290
83435 83435
81726 81726
83895 83895
80699 80699
81902 81902
80133 80133
82688 82688
81588 81588
82271 82271
82580 82580
83675 83675
85825 85825
81336 81336
83230 83230
84029 84029
82484 82484
79662 79662
77282 77282
82261 82261
83275 83275
84313 84313
81851 81851
84052 84052
81379 81379
83940 83940
83614 83614
81043 81043
80800 80800
83400 83400
84427 84427
81201 81201
83394 83394
83214 83214
84068 84068
86240 86240
81703 81703
82324 82324
81958 81958
81551 81551
84353 84353
85155 85155
81301 81301
83603 83603
84426 84426
81812 81812
82297 82297
83732 83732
83101 83101
82405 82405
82504 82504
82972 82972
82071 82071
82549 82549
82083 82083
84205 84205
83622 83622
81438 81438
81751 81751
82846 82846
82411 82411
82859 82859
82419 82419
84157 84157
83243 83243
83871 83871
81733 81733
83247 83247
83057 83057
83854 83854
83099 83099
82347 82347
84940 84940
82911 82911
83337 83337
83857 83857
81434 81434
81910 81910
83406 83406
82727 82727
82307 82307
81821 81821
82933 82933
82528 82528
83896 83896
81281 81281
82495 82495
82793 82793
81947 81947
83032 83032
83886 83886
81914 81914
82778 82778
84068 84068
83801 83801
82058 82058
84367 84367
82103 82103
84157 84157
82202 82202
86506 86506
84200 84200
84903 84903
81684 81684
83709 83709
83945 83945
82133 82133
84341 84341
82917 82917
83621 83621
86887 86887
83834 83834
82738 82738
81605 81605
84195 84195
80809 80809
82941 82941
80616 80616
84923 84923
82667 82667
83274 83274
83397 83397
82666 82666
80865 80865
84495 84495
81902 81902
81385 81385
84656 84656
81368 81368
83937 83937
82819 82819
81694 81694
82867 82867
83868 83868
82930 82930
83168 83168
82395 82395
84341 84341
84447 84447
81405 81405
81812 81812
83342 83342
82045 82045
82115 82115
80418 80418
83281 83281
81569 81569
81222 81222
81706 81706
82537 82537
82340 82340
82591 82591
82098 82098
82159 82159
83395 83395
82299 82299
81455 81455
81339 81339
82614 82614
83603 83603
82468 82468
84673 84673
84543 84543
84238 84238
82470 82470
81012 81012
80725 80725
82990 82990
83058 83058
84931 84931
83338 83338
82141 82141
82186 82186
84461 84461
81001 81001
84401 84401
82984 82984
82607 82607
83795 83795
83280 83280
81637 81637
82635 82635
82795 82795
82900 82900
84605 84605
83905 83905
82594 82594
84403 84403
83796 83796
82150 82150
81170 81170
84216 84216
81809 81809
84819 84819
85150 85150
82973 82973
82151 82151
81834 81834
81348 81348
82553 82553
83049 83049
83090 83090
81628 81628
81777 81777
84327 84327
82059 82059
84732 84732
83014 83014
82276 82276
82939 82939
81013 81013
84091 84091
82747 82747
83434 83434
84076 84076
81614 81614
83964 83964
81769 81769
85053 85053
81589 81589
84570 84570
83611 83611
81141 81141
83381 83381
83490 83490
82312 82312
84064 84064
83516 83516
83480 83480
83294 83294
83122 83122
83093 83093
83053 83053
83267 83267
86603 86603
81644 81644
83316 83316
81759 81759
80695 80695
83098 83098
83286 83286
83009 83009
81102 81102
83449 83449
83353 83353
83176 83176
83713 83713
81585 81585
83206 83206
83471 83471
82763 82763
80837 80837
84042 84042
82406 82406
82884 82884
83180 83180
83415 83415
83857 83857
83140 83140
83500 83500
83723 83723
83029 83029
84739 84739
83224 83224
81991 81991
81201 81201
83019 83019
82219 82219
83822 83822
81721 81721
82289 82289
82005 82005
82931 82931
82674 82674
83444 83444
83622 83622
82226 82226
84686 84686
84457 84457
83170 83170
81873 81873
83942 83942
84631 84631
82958 82958
81893 81893
83823 83823
83061 83061
84401 84401
83268 83268
84313 84313
83272 83272
84758 84758
80801 80801
84945 84945
83156 83156
82319 82319
82571 82571
81953 81953
83945 83945
83234 83234
81870 81870
84686 84686
82772 82772
80529 80529
82196 82196
82891 82891
81528 81528
84128 84128
83987 83987
82910 82910
83264 83264
81895 81895
84587 84587
83073 83073
83195 83195
82401 82401
83256 83256
83840 83840
83861 83861
79521 79521
81631 81631
83090 83090
84932 84932
83330 83330
82873 82873
83924 83924
83486 83486
84099 84099
81711 81711
81405 81405
83376 83376
83495 83495
83309 83309
83239 83239
81621 81621
83785 83785
82607 82607
83025 83025
82905 82905
83487 83487
83202 83202
83185 83185
83929 83929
85934 85934
82592 82592
84791 84791
84071 84071
81565 81565
82228 82228
82274 82274
83852 83852
82440 82440
82368 82368
83985 83985
83260 83260
82927 82927
83557 83557
82346 82346
83295 83295
82702 82702
82221 82221
82523 82523
81920 81920
82914 82914
83548 83548
81061 81061
81393 81393
84979 84979
83101 83101
80961 80961
81510 81510
83675 83675
84609 84609
81540 81540
81258 81258
83757 83757
81646 81646
81573 81573
84327 84327
81673 81673
83936 83936
83071 83071
83018 83018
83308 83308
83205 83205
84343 84343
83919 83919
83049 83049
82502 82502
83826 83826
84880 84880
83012 83012
83631 83631
82877 82877
81836 81836
83947 83947
83527 83527
83967 83967
83657 83657
75515 75515
83075 83075
82371 82371
83038 83038
81849 81849
83259 83259
82452 82452
84348 84348
83171 83171
82705 82705
81723 81723
81020 81020
83114 83114
83755 83755
83126 83126
84213 84213
82514 82514
82290 82290
84549 84549
85873 85873
83548 83548
83103 83103
82030 82030
82215 82215
81010 81010
80867 80867
83367 83367
83759 83759
84315 84315
82669 82669
83435 83435
82567 82567
85857 85857
82687 82687
83015 83015
82255 82255
83008 83008
82505 82505
84188 84188
82024 82024
82573 82573
83576 83576
82295 82295
82993 82993
82274 82274
83235 83235
84152 84152
84520 84520
83270 83270
82729 82729
81517 81517
82885 82885
82506 82506
84043 84043
82974 82974
81251 81251
83013 83013
82578 82578
82421 82421
82301 82301
83958 83958
84178 84178
82283 82283
82876 82876
80804 80804
83755 83755
82421 82421
84738 84738
80759 80759
84177 84177
84206 84206
85043 85043
81998 81998
82892 82892
81622 81622
83108 83108
82199 82199
82147 82147
85026 85026
82469 82469
85264 85264
84099 84099
80751 80751
84569 84569
82032 82032
82336 82336
83017 83017
83084 83084
83233 83233
82988 82988
83839 83839
82637 82637
81999 81999
83042 83042
81128 81128
82572 82572
89813 89813
83998 83998
84919 84919
83338 83338
84252 84252
82595 82595
82175 82175
82746 82746
83708 83708
84202 84202
83269 83269
82882 82882
83107 83107
82293 82293
82753 82753
83694 83694
83879 83879
84005 84005
81727 81727
84391 84391
85691 85691
82571 82571
81606 81606
83737 83737
82348 82348
82775 82775
83500 83500
83653 83653
83587 83587
83836 83836
83146 83146
83643 83643
83692 83692
83189 83189
82957 82957
83543 83543
83252 83252
83702 83702
81798 81798
83705 83705
80742 80742
81114 81114
82343 82343
81439 81439
83770 83770
81919 81919
82829 82829
82770 82770
80892 80892
82731 82731
82665 82665
81897 81897
80306 80306
81683 81683
82075 82075
81885 81885
81243 81243
82615 82615
83069 83069
81460 81460
85380 85380
88799 88799
81338 81338
82431 82431
82583 82583
83465 83465
82315 82315
81310 81310
82986 82986
82698 82698
82462 82462
82056 82056
82594 82594
82519 82519
81863 81863
80742 80742
84304 84304
83085 83085
83349 83349
82101 82101
85060 85060
82900 82900
83798 83798
83692 83692
83514 83514
82195 82195
84950 84950
81901 81901
83080 83080
83345 83345
80959 80959
82062 82062
82749 82749
83685 83685
82428 82428
81643 81643
81409 81409
83477 83477
82611 82611
82386 82386
82330 82330
83752 83752
80813 80813
73164 73164
82707 82707
81460 81460
84499 84499
82850 82850
81766 81766
82152 82152
81921 81921
83932 83932
84009 84009
82189 82189
83461 83461
84051 84051
84891 84891
82951 82951
84316 84316
83198 83198
82080 82080
82322 82322
81795 81795
82929 82929
81324 81324
83356 83356
78620 78620
83178 83178
81207 81207
82719 82719
82733 82733
84288 84288
81149 81149
83027 83027
84063 84063
84820 84820
81873 81873
81884 81884
82529 82529
81270 81270
82998 82998
84053 84053
85324 85324
83382 83382
82883 82883
83260 83260
84561 84561
77897 77897
84485 84485
84756 84756
80591 80591
83840 83840
82621 82621
83763 83763
83869 83869
82703 82703
84009 84009
83763 83763
82765 82765
84233 84233
83361 83361
83363 83363
81193 81193
83300 83300
83161 83161
83341 83341
82350 82350
82262 82262
82833 82833
82755 82755
81189 81189
82059 82059
83691 83691
83252 83252
82616 82616
82646 82646
83343 83343
83130 83130
82825 82825
83332 83332
83377 83377
83282 83282
84846 84846
82786 82786
82172 82172
85376 85376
84390 84390
82337 82337
83115 83115
83869 83869
82435 82435
82220 82220
81821 81821
83822 83822
83013 83013
82498 82498
84706 84706
83265 83265
81582 81582
83766 83766
83378 83378
82742 82742
81788 81788
82712 82712
85846 85846
81629 81629
83100 83100
82432 82432
82567 82567
93129 93129
84500 84500
83759 83759
83800 83800
83788 83788
81728 81728
81230 81230
84276 84276
85770 85770
82017 82017
81925 81925
81577 81577
81965 81965
83123 83123
82177 82177
83444 83444
82495 82495
84073 84073
84991 84991
83001 83001
83707 83707
86456 86456
83126 83126
81968 81968
82620 82620
84127 84127
81093 81093
84681 84681
82982 82982
83803 83803
83840 83840
84254 84254
81186 81186
80981 80981
84293 84293
81964 81964
82938 82938
83565 83565
83798 83798
84837 84837
81319 81319
82561 82561
81207 81207
82540 82540
81860 81860
81176 81176
83407 83407
82614 82614
81852 81852
83063 83063
82939 82939
83128 83128
81493 81493
82870 82870
83476 83476
83087 83087
81312 81312
82139 82139
81914 81914
83059 83059
82781 82781
82307 82307
82822 82822
83016 83016
83343 83343
83131 83131
83761 83761
82424 82424
84181 84181
81148 81148
84137 84137
83373 83373
83135 83135
82864 82864
82721 82721
85329 85329
81472 81472
82117 82117
82519 82519
83995 83995
82870 82870
82303 82303
83278 83278
76157 76157
81451 81451
83138 83138
82811 82811
81361 81361
81688 81688
80892 80892
82780 82780
85375 85375
83112 83112
83368 83368
83604 83604
83359 83359
83455 83455
82545 82545
83816 83816
84033 84033
83390 83390
82292 82292
82652 82652
83141 83141
84621 84621
83951 83951
82339 82339
79385 79385
82910 82910
81416 81416
84216 84216
83292 83292
83064 83064
82555 82555
83035 83035
82928 82928
84420 84420
82578 82578
83711 83711
82719 82719
82098 82098
80393 80393
84143 84143
83103 83103
82208 82208
81464 81464
83750 83750
83034 83034
84179 84179
81761 81761
83659 83659
82571 82571
83998 83998
83442 83442
82090 82090
83088 83088
81692 81692
84420 84420
83831 83831
81597 81597
83820 83820
83653 83653
82305 82305
81376 81376
81774 81774
82943 82943
83723 83723
83976 83976
84665 84665
86917 86917
83145 83145
83611 83611
83130 83130
81861 81861
83493 83493
84377 84377
83949 83949
84820 84820
82337 82337
81932 81932
83428 83428
84566 84566
81182 81182
82298 82298
81115 81115
84402 84402
80456 80456
85356 85356
82826 82826
82841 82841
83567 83567
83201 83201
83004 83004
83166 83166
83031 83031
83344 83344
82917 82917
82139 82139
84786 84786
84716 84716
85325 85325
83350 83350
81799 81799
82091 82091
83079 83079
84353 84353
84004 84004
82892 82892
81610 81610
83596 83596
82425 82425
81367 81367
82245 82245
83489 83489
84044 84044
83478 83478
84102 84102
82808 82808
83846 83846
84389 84389
81141 81141
82521 82521
83157 83157
83820 83820
84145 84145
82799 82799
83313 83313
83234 83234
82492 82492
81953 81953
81322 81322
82434 82434
82523 82523
84039 84039
82839 82839
81207 81207
84448 84448
82616 82616
82888 82888
82438 82438
84152 84152
82283 82283
82615 82615
84259 84259
81627 81627
83229 83229
83984 83984
84081 84081
82921 82921
82965 82965
81665 81665
82032 82032
81041 81041
81524 81524
82453 82453
84438 84438
83494 83494
83776 83776
84145 84145
82059 82059
83365 83365
82803 82803
82799 82799
81917 81917
81577 81577
83515 83515
82211 82211
80759 80759
82660 82660
82318 82318
83747 83747
82605 82605
82908 82908
82682 82682
81449 81449
87675 87675
82312 82312
83589 83589
81347 81347
83121 83121
81807 81807
83128 83128
82267 82267
82474 82474
82819 82819
81585 81585
81497 81497
83938 83938
84246 84246
82821 82821
84364 84364
81067 81067
83877 83877
83845 83845
81696 81696
84537 84537
82321 82321
83271 83271
83017 83017
83558 83558
83763 83763
82937 82937
82826 82826
82155 82155
82682 82682
83316 83316
83992 83992
82634 82634
82921 82921
82644 82644
84784 84784
86997 86997
83438 83438
81502 81502
82153 82153
81987 81987
82013 82013
79583 79583
84512 84512
82129 82129
83513 83513
83328 83328
82984 82984
84365 84365
83105 83105
82211 82211
84505 84505
80053 80053
82993 82993
81954 81954
81846 81846
82236 82236
83069 83069
85297 85297
83258 83258
85198 85198
82577 82577
82273 82273
81459 81459
82969 82969
82768 82768
83737 83737
83413 83413
83526 83526
83343 83343
82777 82777
82187 82187
84005 84005
83568 83568
83383 83383
83610 83610
83640 83640
83749 83749
83284 83284
84276 84276
82020 82020
82569 82569
81237 81237
81327 81327
82309 82309
83923 83923
81778 81778
81673 81673
84640 84640
84034 84034
85003 85003
83223 83223
84431 84431
83555 83555
83220 83220
83447 83447
83874 83874
83453 83453
83669 83669
83433 83433
82474 82474
83468 83468
84073 84073
82428 82428
83253 83253
81320 81320
82227 82227
76538 76538
83145 83145
81640 81640
80692 80692
82196 82196
82881 82881
82807 82807
82349 82349
81563 81563
82404 82404
83624 83624
83437 83437
82116 82116
83366 83366
86419 86419
81273 81273
83590 83590
82984 82984
83539 83539
83188 83188
82960 82960
82524 82524
82433 82433
84119 84119
81823 81823
84742 84742
82692 82692
82834 82834
82115 82115
81424 81424
70635 70635
84852 84852
83098 83098
84889 84889
82948 82948
81276 81276
82123 82123
81791 81791
83028 83028
82011 82011
83424 83424
82407 82407
84459 84459
83524 83524
83455 83455
81981 81981
83272 83272
83235 83235
82889 82889
84098 84098
84540 84540
82689 82689
82232 82232
84697 84697
82371 82371
83577 83577
82982 82982
84219 84219
84437 84437
83309 83309
84086 84086
81824 81824
82010 82010
83797 83797
84040 84040
82817 82817
84270 84270
83322 83322
83042 83042
82977 82977
82375 82375
81663 81663
80824 80824
82012 82012
82963 82963
85353 85353
81433 81433
82603 82603
84418 84418
82189 82189
83696 83696
83005 83005
82317 82317
82746 82746
83663 83663
82939 82939
82815 82815
84191 84191
83630 83630
82758 82758
84147 84147
81528 81528
83808 83808
82273 82273
83465 83465
82550 82550
81867 81867
84336 84336
81738 81738
82275 82275
81574 81574
83146 83146
84307 84307
83151 83151
83900 83900
83203 83203
82499 82499
81994 81994
82493 82493
84487 84487
81206 81206
81642 81642
84325 84325
81563 81563
81617 81617
83910 83910
83158 83158
83008 83008
81573 81573
84015 84015
81867 81867
84565 84565
82237 82237
82303 82303
82763 82763
81384 81384
82793 82793
83394 83394
82614 82614
82685 82685
81830 81830
82398 82398
82558 82558
82474 82474
82527 82527
81929 81929
83785 83785
81808 81808
83788 83788
82264 82264
83616 83616
81773 81773
81561 81561
82165 82165
81350 81350
82254 82254
82315 82315
83689 83689
82491 82491
81386 81386
83131 83131
83903 83903
82864 82864
83681 83681
83361 83361
81610 81610
82908 82908
82922 82922
81934 81934
83955 83955
83308 83308
82469 82469
84440 84440
83308 83308
81505 81505
80045 80045
83824 83824
83091 83091
83952 83952
84737 84737
82433 82433
83026 83026
82503 82503
82603 82603
83210 83210
83872 83872
84031 84031
83104 83104
83917 83917
82889 82889
82779 82779
83921 83921
83941 83941
83957 83957
84393 84393
82318 82318
83305 83305
84455 84455
83367 83367
81505 81505
83748 83748
82633 82633
83183 83183
81719 81719
82272 82272
85196 85196
81886 81886
82215 82215
84133 84133
80498 80498
84055 84055
82801 82801
82503 82503
82886 82886
82384 82384
81849 81849
82700 82700
84269 84269
83227 83227
83037 83037
82165 82165
84070 84070
81249 81249
83823 83823
81905 81905
83158 83158
81964 81964
82968 82968
82088 82088
83000 83000
83059 83059
82283 82283
81566 81566
81959 81959
82753 82753
83381 83381
83215 83215
82366 82366
82536 82536
83510 83510
83905 83905
76501 76501
82705 82705
80201 80201
84261 84261
84378 84378
82894 82894
83197 83197
82463 82463
81975 81975
81949 81949
83037 83037
81322 81322
83916 83916
83070 83070
83581 83581
82551 82551
82706 82706
83084 83084
82354 82354
83186 83186
82881 82881
81081 81081
82659 82659
83326 83326
84241 84241
82452 82452
83630 83630
82483 82483
83116 83116
82865 82865
82628 82628
82624 82624
83686 83686
82863 82863
84156 84156
81490 81490
82766 82766
80435 80435
82642 82642
83397 83397
82297 82297
82134 82134
80884 80884
82213 82213
83284 83284
83358 83358
82165 82165
83471 83471
84901 84901
83225 83225
85004 85004
84639 84639
82952 82952
82814 82814
81324 81324
83744 83744
84027 84027
81995 81995
83321 83321
81930 81930
81762 81762
83791 83791
82720 82720
81980 81980
83521 83521
83880 83880
83451 83451
82464 82464
81876 81876
82150 82150
83007 83007
83678 83678
83211 83211
84489 84489
82157 82157
83299 83299
82126 82126
82053 82053
83535 83535
81465 81465
82837 82837
83831 83831
82784 82784
80467 80467
83257 83257
84337 84337
83379 83379
83019 83019
84013 84013
81058 81058
84686 84686
83415 83415
82708 82708
82229 82229
83808 83808
82980 82980
81705 81705
82958 82958
82649 82649
81265 81265
82704 82704
83639 83639
83830 83830
83185 83185
82843 82843
83751 83751
83909 83909
81897 81897
83980 83980
82799 82799
83584 83584
81642 81642
83885 83885
83289 83289
83694 83694
81765 81765
83914 83914
82956 82956
83447 83447
83172 83172
81045 81045
81362 81362
82723 82723
84046 84046
80888 80888
82272 82272
82539 82539
83561 83561
83510 83510
82989 82989
83353 83353
83227 83227
82219 82219
81313 81313
83304 83304
82907 82907
81127 81127
83847 83847
84294 84294
82866 82866
83105 83105
82929 82929
81331 81331
83836 83836
81300 81300
82770 82770
83025 83025
82863 82863
82652 82652
83344 83344
83733 83733
82886 82886
83305 83305
81733 81733
81317 81317
82055 82055
83402 83402
83620 83620
83813 83813
83855 83855
82177 82177
82128 82128
82522 82522
84246 84246
82019 82019
85069 85069
83891 83891
83019 83019
82927 82927
82127 82127
82227 82227
82455 82455
81873 81873
83368 83368
82118 82118
82453 82453
82006 82006
83834 83834
84952 84952
83193 83193
82466 82466
78837 78837
83884 83884
83051 83051
83187 83187
88943 88943
82293 82293
85425 85425
88504 88504
83482 83482
81485 81485
81032 81032
82483 82483
83660 83660
80632 80632
83721 83721
83579 83579
81664 81664
81030 81030
82866 82866
81865 81865
82719 82719
82422 82422
83265 83265
82783 82783
84266 84266
81191 81191
82660 82660
82039 82039
83506 83506
81671 81671
82493 82493
82851 82851
84470 84470
82691 82691
81240 81240
83171 83171
82875 82875
83776 83776
83820 83820
82352 82352
83521 83521
83168 83168
82245 82245
83781 83781
82012 82012
81635 81635
83181 83181
83512 83512
82393 82393
82472 82472
84094 84094
83507 83507
82692 82692
92261 92261
81602 81602
84487 84487
82585 82585
83125 83125
82924 82924
82950 82950
83738 83738
83224 83224
83795 83795
82328 82328
82329 82329
82419 82419
81992 81992
82295 82295
83087 83087
82993 82993
80846 80846
83128 83128
82042 82042
83140 83140
83220 83220
82843 82843
83039 83039
83884 83884
80360 80360
82439 82439
82800 82800
83974 83974
84689 84689
84043 84043
82803 82803
85283 85283
82685 82685
82640 82640
82749 82749
82411 82411
82691 82691
84605 84605
83062 83062
82791 82791
82700 82700
84724 84724
83725 83725
82461 82461
81395 81395
81909 81909
83258 83258
82315 82315
82134 82134
81087 81087
84185 84185
82811 82811
84758 84758
84379 84379
83630 83630
83728 83728
81796 81796
81553 81553
83695 83695
82964 82964
81723 81723
84421 84421
82306 82306
82253 82253
82172 82172
83446 83446
81349 81349
84333 84333
82223 82223
84061 84061
83578 83578
82655 82655
82125 82125
80861 80861
82825 82825
82502 82502
81267 81267
83313 83313
82295 82295
82876 82876
83925 83925
82500 82500
82710 82710
81757 81757
83263 83263
81109 81109
82154 82154
82719 82719
83535 83535
83295 83295
83807 83807
81505 81505
83526 83526
82928 82928
82693 82693
81289 81289
83818 83818
82660 82660
83633 83633
82948 82948
82614 82614
85195 85195
83285 83285
83618 83618
82108 82108
83344 83344
85113 85113
82821 82821
80704 80704
83923 83923
83269 83269
83187 83187
84866 84866
83524 83524
82422 82422
82407 82407
81445 81445
83059 83059
82596 82596
82424 82424
81264 81264
83208 83208
83151 83151
82330 82330
82921 82921
84889 84889
83402 83402
84581 84581
82706 82706
81963 81963
83849 83849
82516 82516
84578 84578
83087 83087
82866 82866
83204 83204
82019 82019
83372 83372
83082 83082
83405 83405
83294 83294
83981 83981
82296 82296
83753 83753
82557 82557
82866 82866
82785 82785
83282 83282
83744 83744
81622 81622
82591 82591
83511 83511
83213 83213
81862 81862
83863 83863
81888 81888
82431 82431
82399 82399
83112 83112
80731 80731
84749 84749
83734 83734
81885 81885
83159 83159
81703 81703
82449 82449
82849 82849
82230 82230
82464 82464
83760 83760
81020 81020
83257 83257
82644 82644
80867 80867
83875 83875
83273 83273
82203 82203
82859 82859
83971 83971
82116 82116
82945 82945
82632 82632
83009 83009
82361 82361
83823 83823
83462 83462
81591 81591
83881 83881
82493 82493
83437 83437
83839 83839
82588 82588
81953 81953
82792 82792
82939 82939
82592 82592
80061 80061
84447 84447
83183 83183
83567 83567
82815 82815
86062 86062
82548 82548
82404 82404
83498 83498
85710 85710
80659 80659
84325 84325
81160 81160
84017 84017
81225 81225
82091 82091
83202 83202
82661 82661
84617 84617
82624 82624
82797 82797
82806 82806
83627 83627
82834 82834
82563 82563
82555 82555
82906 82906
81417 81417
82844 82844
83226 83226
81815 81815
83721 83721
83242 83242
82991 82991
82726 82726
84215 84215
84307 84307
81688 81688
83092 83092
81821 81821
83218 83218
82139 82139
82762 82762
82456 82456
83563 83563
83198 83198
82881 82881
83605 83605
80545 80545
83073 83073
82154 82154
81592 81592
83354 83354
83484 83484
82203 82203
83013 83013
83478 83478
82135 82135
82829 82829
83643 83643
82904 82904
83408 83408
83140 83140
86062 86062
83450 83450
82897 82897
83087 83087
83222 83222
82662 82662
83374 83374
82933 82933
83655 83655
82972 82972
82479 82479
83582 83582
84131 84131
82877 82877
82665 82665
82331 82331
85817 85817
81215 81215
82465 82465
84643 84643
81149 81149
83395 83395
81861 81861
81548 81548
84881 84881
81192 81192
83606 83606
82774 82774
82201 82201
84680 84680
82035 82035
82053 82053
82202 82202
81709 81709
84477 84477
82437 82437
82555 82555
81399 81399
83499 83499
82680 82680
84175 84175
81450 81450
82303 82303
82703 82703
84439 84439
83287 83287
82513 82513
81786 81786
82819 82819
84633 84633
83787 83787
85292 85292
82878 82878
83181 83181
85572 85572
82626 82626
83091 83091
83197 83197
83997 83997
84547 84547
82850 82850
82147 82147
83001 83001
83661 83661
83295 83295
81404 81404
83891 83891
81750 81750
80996 80996
82384 82384
82206 82206
83136 83136
83652 83652
82405 82405
84959 84959
82553 82553
82329 82329
81961 81961
82945 82945
83288 83288
82858 82858
83435 83435
82771 82771
81813 81813
81815 81815
82714 82714
83324 83324
83740 83740
84435 84435
83993 83993
83314 83314
81030 81030
82529 82529
83778 83778
82608 82608
83795 83795
81413 81413
83220 83220
83563 83563
83257 83257
84518 84518
81582 81582
82564 82564
82580 82580
82485 82485
83978 83978
82011 82011
84012 84012
82153 82153
83646 83646
82074 82074
83406 83406
83073 83073
83072 83072
81298 81298
83463 83463
82535 82535
82436 82436
83076 83076
83400 83400
81579 81579
83031 83031
83935 83935
81815 81815
81754 81754
83607 83607
84124 84124
84190 84190
82021 82021
84163 84163
85231 85231
82670 82670
82643 82643
84245 84245
82268 82268
82214 82214
83584 83584
82426 82426
82195 82195
82206 82206
82487 82487
84096 84096
82993 82993
83370 83370
82536 82536
83703 83703
84420 84420
82916 82916
81074 81074
81958 81958
82350 82350
82654 82654
83281 83281
83297 83297
82885 82885
82361 82361
84577 84577
81826 81826
82028 82028
85416 85416
82760 82760
82995 82995
82385 82385
83311 83311
82923 82923
83141 83141
82644 82644
83279 83279
82191 82191
80508 80508
82283 82283
84076 84076
83769 83769
82700 82700
83043 83043
82137 82137
84020 84020
83398 83398
84377 84377
81257 81257
82018 82018
82769 82769
82796 82796
81630 81630
83033 83033
83352 83352
83866 83866
84075 84075
81694 81694
82679 82679
82176 82176
83212 83212
82038 82038
84151 84151
82201 82201
83838 83838
83364 83364
84226 84226
82779 82779
81817 81817
81882 81882
83960 83960
83199 83199
83824 83824
80968 80968
84354 84354
82488 82488
83009 83009
83304 83304
81715 81715
81889 81889
81669 81669
82275 82275
84838 84838
85180 85180
82558 82558
83890 83890
82071 82071
83931 83931
84345 84345
83465 83465
82655 82655
83100 83100
82314 82314
81970 81970
82384 82384
82327 82327
82479 82479
83611 83611
81630 81630
82311 82311
82591 82591
80511 80511
84076 84076
81817 81817
83931 83931
84177 84177
81122 81122
82806 82806
84465 84465
83809 83809
83606 83606
81597 81597
82866 82866
82823 82823
82294 82294
83999 83999
83167 83167
83150 83150
83539 83539
80712 80712
84412 84412
83207 83207
84065 84065
83551 83551
83449 83449
80794 80794
81983 81983
83725 83725
83607 83607
82731 82731
84150 84150
82746 82746
82715 82715
82989 82989
83239 83239
81907 81907
81410 81410
83751 83751
81777 81777
82755 82755
81294 81294
83369 83369
83105 83105
85797 85797
84636 84636
82780 82780
82506 82506
83820 83820
81970 81970
83050 83050
81752 81752
81922 81922
81959 81959
80292 80292
83215 83215
84731 84731
82158 82158
81829 81829
82355 82355
83157 83157
81245 81245
82879 82879
83951 83951
83993 83993
85440 85440
84287 84287
82595 82595
82246 82246
83415 83415
83203 83203
80597 80597
82993 82993
82333 82333
84482 84482
82116 82116
82341 82341
80922 80922
83190 83190
83819 83819
82008 82008
82735 82735
82710 82710
85790 85790
83499 83499
83764 83764
82901 82901
82029 82029
83237 83237
81973 81973
84030 84030
81018 81018
81917 81917
82873 82873
83999 83999
82113 82113
83748 83748
83039 83039
83986 83986
83662 83662
82261 82261
83950 83950
81271 81271
84232 84232
82179 82179
82413 82413
83849 83849
83921 83921
82321 82321
82789 82789
83596 83596
81946 81946
82367 82367
84360 84360
84189 84189
81808 81808
83537 83537
84421 84421
82367 82367
83747 83747
83837 83837
84211 84211
83481 83481
84449 84449
83506 83506
83576 83576
82395 82395
82167 82167
82268 82268
83338 83338
84849 84849
85543 85543
82297 82297
84197 84197
82835 82835
82383 82383
81844 81844
81639 81639
83077 83077
83384 83384
83489 83489
83165 83165
82320 82320
82960 82960
80509 80509
82168 82168
83300 83300
84914 84914
81831 81831
82609 82609
82320 82320
84416 84416
81520 81520
83595 83595
83740 83740
81392 81392
81887 81887
83937 83937
82462 82462
82121 82121
82308 82308
81786 81786
83908 83908
82418 82418
84477 84477
83091 83091
83144 83144
84602 84602
83312 83312
83167 83167
83137 83137
80570 80570
82709 82709
82110 82110
83843 83843
83163 83163
83960 83960
81916 81916
83180 83180
80854 80854
81143 81143
82701 82701
82345 82345
81990 81990
84058 84058
84647 84647
82673 82673
82407 82407
83597 83597
82856 82856
81679 81679
82374 82374
84480 84480
81711 81711
81955 81955
81220 81220
82275 82275
82968 82968
84239 84239
81589 81589
83095 83095
84327 84327
83532 83532
89977 89977
81546 81546
84705 84705
83097 83097
82644 82644
83772 83772
83187 83187
82681 82681
82519 82519
83394 83394
83249 83249
82187 82187
82070 82070
83596 83596
84076 84076
82369 82369
81638 81638
81891 81891
84986 84986
84021 84021
81732 81732
82076 82076
81098 81098
83982 83982
81911 81911
81733 81733
83456 83456
81499 81499
83292 83292
82505 82505
83219 83219
82513 82513
84957 84957
83559 83559
81949 81949
83095 83095
82911 82911
84636 84636
83706 83706
82925 82925
84814 84814
83038 83038
80895 80895
83727 83727
82754 82754
83512 83512
85163 85163
83103 83103
84953 84953
82489 82489
82465 82465
81706 81706
83221 83221
85321 85321
83841 83841
83127 83127
84028 84028
82967 82967
84316 84316
82815 82815
82599 82599
83803 83803
82889 82889
84596 84596
84771 84771
84019 84019
83262 83262
83690 83690
81470 81470
82833 82833
82929 82929
84075 84075
84238 84238
82483 82483
81029 81029
79718 79718
80376 80376
82533 82533
81802 81802
83113 83113
82383 82383
82711 82711
82805 82805
82643 82643
84461 84461
82662 82662
80777 80777
82595 82595
83291 83291
84030 84030
82046 82046
81894 81894
83643 83643
83157 83157
82361 82361
81503 81503
83268 83268
80441 80441
83611 83611
82770 82770
82648 82648
83237 83237
82615 82615
83299 83299
83181 83181
82095 82095
84019 84019
80939 80939
83814 83814
82709 82709
83298 83298
82443 82443
82438 82438
83147 83147
81220 81220
83753 83753
82121 82121
80762 80762
83871 83871
76759 76759
81742 81742
82807 82807
83301 83301
83541 83541
82297 82297
83884 83884
84388 84388
83373 83373
81789 81789
82033 82033
84278 84278
82750 82750
82973 82973
83118 83118
83514 83514
81675 81675
82403 82403
83851 83851
82693 82693
80180 80180
82147 82147
82434 82434
83368 83368
83490 83490
82825 82825
84007 84007
82224 82224
82533 82533
82283 82283
84421 84421
83454 83454
84158 84158
82829 82829
82223 82223
82524 82524
84567 84567
84123 84123
82227 82227
82430 82430
82565 82565
82399 82399
83693 83693
82660 82660
83961 83961
82722 82722
81698 81698
83017 83017
77310 77310
84368 84368
80707 80707
81242 81242
85457 85457
81733 81733
83921 83921
83072 83072
84830 84830
82735 82735
82389 82389
83058 83058
83089 83089
82874 82874
83018 83018
82445 82445
80373 80373
83182 83182
83147 83147
81991 81991
83453 83453
82340 82340
82899 82899
83624 83624
81448 81448
82228 82228
83036 83036
85221 85221
83503 83503
81138 81138
83332 83332
82396 82396
83790 83790
83677 83677
82352 82352
82905 82905
81961 81961
82635 82635
83674 83674
83234 83234
82551 82551
82448 82448
82733 82733
85847 85847
83649 83649
84591 84591
82360 82360
84342 84342
82288 82288
84282 84282
84335 84335
82849 82849
83941 83941
83560 83560
83596 83596
83105 83105
84193 84193
83966 83966
83043 83043
83134 83134
82230 82230
84340 84340
83513 83513
81974 81974
81727 81727
84711 84711
82729 82729
82991 82991
82649 82649
84711 84711
84035 84035
84747 84747
82422 82422
81775 81775
82535 82535
82915 82915
84936 84936
83995 83995
82761 82761
81632 81632
81397 81397
83839 83839
82202 82202
81637 81637
82085 82085
82232 82232
83859 83859
83683 83683
82772 82772
82554 82554
83613 83613
82098 82098
82821 82821
83874 83874
84695 84695
83130 83130
83316 83316
83395 83395
83033 83033
84306 84306
82212 82212
82619 82619
83181 83181
82939 82939
82855 82855
82898 82898
84352 84352
83305 83305
82145 82145
83161 83161
82542 82542
83683 83683
83962 83962
82464 82464
82941 82941
83699 83699
82817 82817
84355 84355
82498 82498
81834 81834
81992 81992
83631 83631
82165 82165
81428 81428
82456 82456
83386 83386
83568 83568
83089 83089
83200 83200
82686 82686
82513 82513
82989 82989
82629 82629
83947 83947
83736 83736
84607 84607
81128 81128
81576 81576
82019 82019
82606 82606
83764 83764
81329 81329
83108 83108
82776 82776
83285 83285
81676 81676
72077 72077
84134 84134
83173 83173
83481 83481
80823 80823
80106 80106
82901 82901
82897 82897
82141 82141
82900 82900
82761 82761
83444 83444
82710 82710
83220 83220
80467 80467
82146 82146
82319 82319
82917 82917
83969 83969
82979 82979
82802 82802
83904 83904
83134 83134
82622 82622
81301 81301
82386 82386
83636 83636
83118 83118
81796 81796
82121 82121
83231 83231
82021 82021
82883 82883
83507 83507
82905 82905
81451 81451
82286 82286
84067 84067
82985 82985
82089 82089
82955 82955
83186 83186
84084 84084
90611 90611
83282 83282
81711 81711
83127 83127
84781 84781
83643 83643
83022 83022
83695 83695
82104 82104
82328 82328
85123 85123
83020 83020
83716 83716
83149 83149
82688 82688
81916 81916
82710 82710
83001 83001
83567 83567
83101 83101
82313 82313
81595 81595
83580 83580
84870 84870
83079 83079
82864 82864
81073 81073
81851 81851
82149 82149
83569 83569
81422 81422
81674 81674
83111 83111
83142 83142
83568 83568
84262 84262
82693 82693
83835 83835
84766 84766
81632 81632
84329 84329
83922 83922
82647 82647
83245 83245
84027 84027
82839 82839
82820 82820
81491 81491
82257 82257
86646 86646
82479 82479
82142 82142
81532 81532
82694 82694
83518 83518
84327 84327
81464 81464
82862 82862
81535 81535
84289 84289
83628 83628
83095 83095
82044 82044
82178 82178
85549 85549
83068 83068
78066 78066
82080 82080
83138 83138
82801 82801
82320 82320
82630 82630
81941 81941
82748 82748
82864 82864
82991 82991
81254 81254
83071 83071
82995 82995
84144 84144
83429 83429
81469 81469
83371 83371
85634 85634
83285 83285
82170 82170
83083 83083
81668 81668
81683 81683
81477 81477
83657 83657
84021 84021
83186 83186
84321 84321
84148 84148
80862 80862
84752 84752
83119 83119
83702 83702
83325 83325
82097 82097
82428 82428
83092 83092
82117 82117
84921 84921
83318 83318
83306 83306
84249 84249
84504 84504
83535 83535
83747 83747
82952 82952
82070 82070
83422 83422
86186 86186
82542 82542
82166 82166
83620 83620
82923 82923
83339 83339
83081 83081
83192 83192
83501 83501
82985 82985
83987 83987
84199 84199
83301 83301
82826 82826
84432 84432
80722 80722
81820 81820
81792 81792
84039 84039
82806 82806
83251 83251
83309 83309
82461 82461
81575 81575
82970 82970
83211 83211
80395 80395
83742 83742
84156 84156
82028 82028
85315 85315
82141 82141
80750 80750
82771 82771
82025 82025
83505 83505
83106 83106
82470 82470
82728 82728
83396 83396
82072 82072
81819 81819
81889 81889
83376 83376
82588 82588
83416 83416
83736 83736
83235 83235
81806 81806
84394 84394
83314 83314
82639 82639
85431 85431
84111 84111
82215 82215
83935 83935
84477 84477
83461 83461
83957 83957
82140 82140
83884 83884
81476 81476
83157 83157
82767 82767
83725 83725
83168 83168
82138 82138
81709 81709
83132 83132
82117 82117
84087 84087
82136 82136
83246 83246
83785 83785
82801 82801
83563 83563
82974 82974
82700 82700
84120 84120
82610 82610
82384 82384
82069 82069
82349 82349
81087 81087
83342 83342
81645 81645
82736 82736
84163 84163
81738 81738
81623 81623
82839 82839
82262 82262
84138 84138
82677 82677
85487 85487
82477 82477
90848 90848
84440 84440
81759 81759
83951 83951
83346 83346
83687 83687
83203 83203
82537 82537
83739 83739
83619 83619
81160 81160
82020 82020
82426 82426
83284 83284
81749 81749
82755 82755
83504 83504
82791 82791
83263 83263
81767 81767
83914 83914
83581 83581
84766 84766
83405 83405
82234 82234
82835 82835
81771 81771
83180 83180
82636 82636
83146 83146
81901 81901
81836 81836
82115 82115
81489 81489
81006 81006
81869 81869
82215 82215
84758 84758
82616 82616
81976 81976
81551 81551
80722 80722
82395 82395
81837 81837
83912 83912
81740 81740
83203 83203
83300 83300
82685 82685
83945 83945
84143 84143
81865 81865
82845 82845
82298 82298
81740 81740
82660 82660
83648 83648
83145 83145
82797 82797
84040 84040
81317 81317
82129 82129
81297 81297
81909 81909
82304 82304
81994 81994
82077 82077
81655 81655
82581 82581
81643 81643
81738 81738
81914 81914
81818 81818
83250 83250
84559 84559
82668 82668
82850 82850
82896 82896
82964 82964
82520 82520
84371 84371
83129 83129
83839 83839
78218 78218
85317 85317
83499 83499
82534 82534
82528 82528
83794 83794
82168 82168
82929 82929
83573 83573
82533 82533
83523 83523
83345 83345
82802 82802
81891 81891
82130 82130
83260 83260
82081 82081
82541 82541
81196 81196
82767 82767
83206 83206
79189 79189
83083 83083
83456 83456
81725 81725
83874 83874
81728 81728
83513 83513
82394 82394
83407 83407
82471 82471
82224 82224
82764 82764
82948 82948
83673 83673
83612 83612
82040 82040
83717 83717
83360 83360
83799 83799
82009 82009
83569 83569
84019 84019
82961 82961
82847 82847
81974 81974
83853 83853
84153 84153
82171 82171
81280 81280
81922 81922
81575 81575
82747 82747
82198 82198
82482 82482
82830 82830
83078 83078
82036 82036
82245 82245
81131 81131
81893 81893
82771 82771
84276 84276
82493 82493
83258 83258
81673 81673
80447 80447
83274 83274
83649 83649
82911 82911
83675 83675
82235 82235
82448 82448
82620 82620
82061 82061
84100 84100
82688 82688
82940 82940
83096 83096
83865 83865
81999 81999
81686 81686
84332 84332
83649 83649
85666 85666
83367 83367
81811 81811
83270 83270
83136 83136
82064 82064
83962 83962
82154 82154
84125 84125
81205 81205
81376 81376
81241 81241
82828 82828
82084 82084
83582 83582
82221 82221
83492 83492
83182 83182
82841 82841
81311 81311
83343 83343
82353 82353
84108 84108
83314 83314
83774 83774
84419 84419
82788 82788
84013 84013
82745 82745
83486 83486
82119 82119
82852 82852
83870 83870
84337 84337
83386 83386
81152 81152
83991 83991
82980 82980
81563 81563
84294 84294
82404 82404
84137 84137
84147 84147
83817 83817
82261 82261
83440 83440
84088 84088
81617 81617
83725 83725
83681 83681
81900 81900
82548 82548
81781 81781
83652 83652
82304 82304
81372 81372
83806 83806
82470 82470
83172 83172
81235 81235
81729 81729
84082 84082
82417 82417
83480 83480
83930 83930
84016 84016
82838 82838
83934 83934
84339 84339
81962 81962
83452 83452
83820 83820
80769 80769
83105 83105
82500 82500
84008 84008
84169 84169
81809 81809
84670 84670
82972 82972
82151 82151
82454 82454
84147 84147
83830 83830
83902 83902
83803 83803
84772 84772
82760 82760
83295 83295
82471 82471
84913 84913
81553 81553
82603 82603
82853 82853
83755 83755
84905 84905
83826 83826
84188 84188
81652 81652
82082 82082
80619 80619
83307 83307
83679 83679
84063 84063
83118 83118
81920 81920
84083 84083
82782 82782
82333 82333
82793 82793
83719 83719
82894 82894
83418 83418
82289 82289
82967 82967
82939 82939
85511 85511
82535 82535
83264 83264
81485 81485
83060 83060
83367 83367
83635 83635
82148 82148
83041 83041
83223 83223
83237 83237
84928 84928
82734 82734
83374 83374
84237 84237
82276 82276
82797 82797
89800 89800
82535 82535
82893 82893
84424 84424
82001 82001
83773 83773
83938 83938
82207 82207
82515 82515
82726 82726
82593 82593
83801 83801
81839 81839
81067 81067
83002 83002
83985 83985
83585 83585
83191 83191
83911 83911
84148 84148
83590 83590
83589 83589
83104 83104
81159 81159
84619 84619
81505 81505
81704 81704
83061 83061
82388 82388
82477 82477
82304 82304
81015 81015
83389 83389
81763 81763
81826 81826
83665 83665
84950 84950
83812 83812
83550 83550
83662 83662
82816 82816
81192 81192
82035 82035
83939 83939
83414 83414
83657 83657
84368 84368
84121 84121
82099 82099
82635 82635
83413 83413
83535 83535
83506 83506
82654 82654
85007 85007
83277 83277
83265 83265
84001 84001
81906 81906
83666 83666
84817 84817
83590 83590
82752 82752
82627 82627
82275 82275
81850 81850
84773 84773
83795 83795
84181 84181
85243 85243
82532 82532
81493 81493
81599 81599
80484 80484
80689 80689
83120 83120
82854 82854
82840 82840
82398 82398
91891 91891
83642 83642
81438 81438
83277 83277
82168 82168
82616 82616
84354 84354
83578 83578
82821 82821
84080 84080
84283 84283
81299 81299
79070 79070
84962 84962
81275 81275
83032 83032
83227 83227
82802 82802
83208 83208
83765 83765
82492 82492
83059 83059
82740 82740
81498 81498
81507 81507
81089 81089
83038 83038
82803 82803
80383 80383
84563 84563
82267 82267
82452 82452
83090 83090
82848 82848
83671 83671
83584 83584
82192 82192
82366 82366
82352 82352
81863 81863
83175 83175
82867 82867
84669 84669
81440 81440
82169 82169
82157 82157
84302 84302
83720 83720
84018 84018
81007 81007
82501 82501
84007 84007
82543 82543
84091 84091
82352 82352
84162 84162
80261 80261
82557 82557
81139 81139
82762 82762
84696 84696
81671 81671
81466 81466
83785 83785
83323 83323
84083 84083
83532 83532
81237 81237
83056 83056
81093 81093
81861 81861
82652 82652
81219 81219
84111 84111
83322 83322
84292 84292
82468 82468
83570 83570
83133 83133
81024 81024
83234 83234
80396 80396
83857 83857
82290 82290
83609 83609
82286 82286
85013 85013
81505 81505
84425 84425
82476 82476
83774 83774
81117 81117
82910 82910
79489 79489
80968 80968
82146 82146
84685 84685
83901 83901
82292 82292
81857 81857
83022 83022
80981 80981
84770 84770
83094 83094
84472 84472
82105 82105
80869 80869
83895 83895
81681 81681
79889 79889
82267 82267
82880 82880
82939 82939
82873 82873
84497 84497
84893 84893
81863 81863
82659 82659
83431 83431
83920 83920
84137 84137
83511 83511
83955 83955
80802 80802
82055 82055
83387 83387
84258 84258
82953 82953
82915 82915
85947 85947
81153 81153
82372 82372
81608 81608
82451 82451
83608 83608
83022 83022
82564 82564
84359 84359
82497 82497
82164 82164
81540 81540
82787 82787
82676 82676
84830 84830
82176 82176
81851 81851
82908 82908
83309 83309
82642 82642
82946 82946
82037 82037
83952 83952
83916 83916
84879 84879
81485 81485
82157 82157
80058 80058
83099 83099
82086 82086
84499 84499
83203 83203
83064 83064
83826 83826
83697 83697
83968 83968
84191 84191
82656 82656
85627 85627
84776 84776
83446 83446
82321 82321
82983 82983
81992 81992
81639 81639
86298 86298
83615 83615
89679 89679
84402 84402
83344 83344
82639 82639
82582 82582
83544 83544
82147 82147
82261 82261
83311 83311
82041 82041
84661 84661
83220 83220
81970 81970
84088 84088
83304 83304
83550 83550
82585 82585
82506 82506
83268 83268
82813 82813
84021 84021
81969 81969
83610 83610
82802 82802
82646 82646
82020 82020
83119 83119
81999 81999
82497 82497
82793 82793
83569 83569
82536 82536
81851 81851
83355 83355
81598 81598
82825 82825
82668 82668
82783 82783
79351 79351
85719 85719
82746 82746
81033 81033
82599 82599
83259 83259
84089 84089
81664 81664
81875 81875
83047 83047
82171 82171
82825 82825
83093 83093
81682 81682
80772 80772
81853 81853
82671 82671
84006 84006
81443 81443
82311 82311
81138 81138
80880 80880
83034 83034
82285 82285
81209 81209
84069 84069
82113 82113
82450 82450
80102 80102
84469 84469
82721 82721
83806 83806
82946 82946
84328 84328
81864 81864
87364 87364
83051 83051
83925 83925
83742 83742
84589 84589
83253 83253
81821 81821
82235 82235
83338 83338
84278 84278
80314 80314
82634 82634
81463 81463
82207 82207
83927 83927

C:\Users\DeLL\Desktop\CUDA\Project1\x64\Debug\Project1.exe (进程 7388)已退出，代码为 0。
要在调试停止时自动关闭控制台，请启用“工具”->“选项”->“调试”->“调试停止时自动关闭控制台”。
按任意键关闭此窗口. . .
